   1.0005805e+02
   1.3637830e+02
   1.3633999e+02
   1.3255517e+02
   1.5062427e+02
   1.0795877e+02
   1.7223686e+02
   1.1006572e+02
   1.2816173e+02
   1.6923310e+02
   1.7785523e+02
   1.6754451e+02
   1.7547580e+02
   1.7722674e+02
   1.3584422e+02
   1.7301414e+02
   1.6195991e+02
   1.4193858e+02
   1.7347689e+02
   1.5569312e+02
   1.2941281e+02
   1.3545265e+02
   1.9726514e+02
   1.9306964e+02
   1.7687460e+02
   1.0469240e+02
   1.5871837e+02
   1.4712227e+02
   1.4826718e+02
   1.1806550e+02
   1.6491621e+02
   1.4895657e+02
   1.5375714e+02
   1.7583721e+02
   1.8096610e+02
   1.0987572e+02
   1.7396823e+02
   1.5108142e+02
   1.1992958e+02
   1.9900152e+02
